image: gtest3.pgm
resolution: 0.05
origin: [-8.511595535278321, -5.936137771606447, 0]
occupied_thresh: 0.51
free_thresh: 0.49
negate: 0