image: gtest4.pgm
resolution: 0.025
origin: [-4.060449981689453, -3.509811019897462, 0]
occupied_thresh: 0.51
free_thresh: 0.49
negate: 0