image: gtest.pgm
resolution: 0.05
origin: [-8.619986724853518, -6.447825050354005, 0]
occupied_thresh: 0.51
free_thresh: 0.49
negate: 0