image: gtest0.pgm
resolution: 0.05
origin: [-8.662734222412112, -6.432835006713869, 0]
occupied_thresh: 0.51
free_thresh: 0.49
negate: 0
