image: gtest8.pgm
resolution: 0.025
origin: [-4.450197792053224, -3.333341217041017, 0]
occupied_thresh: 0.51
free_thresh: 0.49
negate: 0