image: gtest2.pgm
resolution: 0.05
origin: [-9.241814994812014, -5.937047958374023, 0]
occupied_thresh: 0.51
free_thresh: 0.49
negate: 0