image: gtest5.pgm
resolution: 0.025
origin: [-5.130107688903809, -3.020902538299561, 0]
occupied_thresh: 0.51
free_thresh: 0.49
negate: 0