image: gt1-3.pgm
resolution: 0.05
origin: [-5.620684719085695, -2.97096848487854, 0]
occupied_thresh: 0.51
free_thresh: 0.49
negate: 0