image: gt2-1.pgm
resolution: 0.05
origin: [-5.91859245300293, -6.276500606536866, 0]
occupied_thresh: 0.51
free_thresh: 0.49
negate: 0
