image: gt3-1.pgm
resolution: 0.05
origin: [-7.463783740997314, -12.11961297988892, 0]
occupied_thresh: 0.51
free_thresh: 0.49
negate: 0